4.000000;11 
5.010000;23 
6.020000;34 
7.030000;27 
8.030000;26 
9.040000;15 
10.050000;8 
11.060000;7 
12.070000;3 
13.080000;3 
14.080000;2 
15.090000;4 
16.100000;2 
17.110000;1 
18.120000;1 
19.130000;1 
20.130000;0 
21.140000;3 
22.150000;3 
23.160000;0 
24.170000;0 
25.170000;1 
26.180000;0 
27.190000;1 
28.200000;1 
29.210000;1 
30.220000;2 
31.230000;1 
32.230000;1 
33.240000;3 
34.250000;0 
35.260000;2 
36.270000;0 
37.280000;0 
38.280000;0 
39.290000;0 
40.300000;0 
41.310000;0 
42.320000;0 
43.330000;13 
44.330000;11 
45.340000;23 
46.350000;34 
47.360000;27 
48.370000;26 
49.380000;15 
50.380000;8 
51.390000;7 
52.400000;3 
53.410000;3 
54.420000;2 
55.430000;4 
56.430000;2 
57.440000;1 
58.450000;1 
59.460000;1 
60.470000;0 
61.470000;3 
62.480000;3 
63.490000;0 
64.500000;0 
65.510000;1 
66.520000;0 
67.530000;1 
68.530000;1 
69.540000;1 
70.550000;2 
71.560000;1 
72.570000;1 
73.570000;3 
74.580000;0 
75.590000;2 
76.600000;0 
77.610000;0 
78.620000;0 
79.630000;0 
80.630000;0 
81.640000;0 
82.650000;0 
83.660000;13 
84.670000;11 
85.680000;23 
86.680000;34 
87.690000;27 
88.700000;26 
89.710000;15 
90.720000;8 
91.730000;7 
92.730000;3 
93.740000;3 
94.750000;2 
95.760000;4 
96.770000;2 
97.780000;1 
98.780000;1 
99.790000;1 
100.800000;0 
101.810000;3 
102.820000;3 
103.820000;0 
104.830000;0 
105.840000;1 
106.850000;0 
107.860000;1 
108.870000;1 
109.880000;1 
110.880000;2 
111.890000;1 
112.900000;1 
113.910000;3 
114.920000;0 
115.930000;2 
116.930000;0 
117.940000;0 
118.950000;0 
119.960000;0 
120.970000;0 
121.980000;0 
122.980000;0 
123.990000;13 
4.000000;27 
5.010000;67 
6.020000;82 
7.030000;74 
8.030000;41 
9.040000;24 
10.050000;13 
11.060000;7 
12.070000;7 
13.080000;5 
14.080000;3 
15.090000;3 
16.100000;3 
17.110000;2 
18.120000;1 
19.130000;1 
20.130000;2 
21.140000;2 
22.150000;1 
23.160000;1 
24.170000;1 
25.170000;1 
26.180000;1 
27.190000;0 
28.200000;0 
29.210000;2 
30.220000;0 
31.230000;0 
32.230000;0 
33.240000;2 
34.250000;0 
35.260000;1 
36.270000;1 
37.280000;1 
38.280000;0 
39.290000;0 
40.300000;1 
41.310000;0 
42.320000;0 
43.330000;5 
44.330000;26 
45.340000;67 
46.350000;81 
47.360000;74 
48.370000;41 
49.380000;24 
50.380000;13 
51.390000;7 
52.400000;7 
53.410000;5 
54.420000;3 
55.430000;3 
56.430000;3 
57.440000;2 
58.450000;1 
59.460000;1 
60.470000;2 
61.470000;2 
62.480000;1 
63.490000;1 
64.500000;1 
65.510000;1 
66.520000;1 
67.530000;0 
68.530000;0 
69.540000;2 
70.550000;0 
71.560000;0 
72.570000;0 
73.570000;2 
74.580000;0 
75.590000;1 
76.600000;1 
77.610000;1 
78.620000;0 
79.630000;0 
80.630000;1 
81.640000;0 
82.650000;0 
83.660000;5 
84.670000;26 
85.680000;67 
86.680000;81 
87.690000;74 
88.700000;41 
89.710000;24 
90.720000;13 
91.730000;7 
92.730000;7 
93.740000;5 
94.750000;3 
95.760000;3 
96.770000;3 
97.780000;2 
98.780000;1 
99.790000;1 
100.800000;2 
101.810000;2 
102.820000;1 
103.820000;1 
104.830000;1 
105.840000;1 
106.850000;1 
107.860000;0 
108.870000;0 
109.880000;2 
110.880000;0 
111.890000;0 
112.900000;0 
113.910000;2 
114.920000;0 
115.930000;1 
116.930000;1 
117.940000;1 
118.950000;0 
119.960000;0 
120.970000;1 
121.980000;0 
122.980000;0 
123.990000;5 
4.000000;43 
5.010000;141 
6.020000;187 
7.030000;155 
8.030000;74 
9.040000;34 
10.050000;20 
11.060000;13 
12.070000;7 
13.080000;4 
14.080000;4 
15.090000;3 
16.100000;1 
17.110000;1 
18.120000;3 
19.130000;1 
20.130000;0 
21.140000;0 
22.150000;1 
23.160000;0 
24.170000;0 
25.170000;0 
26.180000;0 
27.190000;0 
28.200000;0 
29.210000;0 
30.220000;0 
31.230000;0 
32.230000;0 
33.240000;0 
34.250000;1 
35.260000;0 
36.270000;0 
37.280000;1 
38.280000;0 
39.290000;0 
40.300000;0 
41.310000;0 
42.320000;0 
43.330000;5 
44.330000;43 
45.340000;141 
46.350000;187 
47.360000;155 
48.370000;74 
49.380000;34 
50.380000;20 
51.390000;13 
52.400000;7 
53.410000;4 
54.420000;5 
55.430000;3 
56.430000;2 
57.440000;1 
58.450000;3 
59.460000;1 
60.470000;0 
61.470000;0 
62.480000;1 
63.490000;0 
64.500000;0 
65.510000;0 
66.520000;0 
67.530000;0 
68.530000;0 
69.540000;0 
70.550000;0 
71.560000;0 
72.570000;0 
73.570000;0 
74.580000;1 
75.590000;0 
76.600000;0 
77.610000;1 
78.620000;0 
79.630000;0 
80.630000;0 
81.640000;0 
82.650000;0 
83.660000;5 
84.670000;43 
85.680000;141 
86.680000;187 
87.690000;155 
88.700000;74 
89.710000;34 
90.720000;20 
91.730000;13 
92.730000;7 
93.740000;4 
94.750000;5 
95.760000;3 
96.770000;2 
97.780000;1 
98.780000;3 
99.790000;1 
100.800000;0 
101.810000;0 
102.820000;1 
103.820000;0 
104.830000;0 
105.840000;0 
106.850000;0 
107.860000;0 
108.870000;0 
109.880000;0 
110.880000;0 
111.890000;0 
112.900000;0 
113.910000;0 
114.920000;1 
115.930000;0 
116.930000;0 
117.940000;1 
118.950000;0 
119.960000;0 
120.970000;0 
121.980000;0 
122.980000;0 
123.990000;5 
4.000000;33 
5.010000;130 
6.020000;164 
7.030000;128 
8.030000;75 
9.040000;46 
10.050000;24 
11.060000;16 
12.070000;13 
13.080000;9 
14.080000;3 
15.090000;3 
16.100000;2 
17.110000;3 
18.120000;3 
19.130000;2 
20.130000;1 
21.140000;1 
22.150000;1 
23.160000;1 
24.170000;1 
25.170000;0 
26.180000;0 
27.190000;1 
28.200000;0 
29.210000;0 
30.220000;0 
31.230000;0 
32.230000;1 
33.240000;0 
34.250000;0 
35.260000;0 
36.270000;1 
37.280000;0 
38.280000;0 
39.290000;0 
40.300000;0 
41.310000;0 
42.320000;0 
43.330000;2 
44.330000;33 
45.340000;130 
46.350000;164 
47.360000;128 
48.370000;74 
49.380000;46 
50.380000;24 
51.390000;16 
52.400000;13 
53.410000;9 
54.420000;3 
55.430000;3 
56.430000;2 
57.440000;3 
58.450000;3 
59.460000;2 
60.470000;1 
61.470000;1 
62.480000;1 
63.490000;1 
64.500000;1 
65.510000;0 
66.520000;0 
67.530000;1 
68.530000;0 
69.540000;0 
70.550000;0 
71.560000;0 
72.570000;1 
73.570000;0 
74.580000;0 
75.590000;0 
76.600000;1 
77.610000;0 
78.620000;0 
79.630000;0 
80.630000;0 
81.640000;0 
82.650000;0 
83.660000;2 
84.670000;33 
85.680000;129 
86.680000;164 
87.690000;128 
88.700000;74 
89.710000;46 
90.720000;24 
91.730000;16 
92.730000;13 
93.740000;9 
94.750000;3 
95.760000;3 
96.770000;2 
97.780000;3 
98.780000;3 
99.790000;2 
100.800000;1 
101.810000;1 
102.820000;1 
103.820000;1 
104.830000;1 
105.840000;0 
106.850000;0 
107.860000;1 
108.870000;0 
109.880000;0 
110.880000;0 
111.890000;0 
112.900000;1 
113.910000;0 
114.920000;0 
115.930000;0 
116.930000;1 
117.940000;0 
118.950000;0 
119.960000;0 
120.970000;0 
121.980000;0 
122.980000;0 
123.990000;2 
4.000000;24 
5.010000;95 
6.020000;112 
7.030000;91 
8.030000;46 
9.040000;32 
10.050000;28 
11.060000;16 
12.070000;13 
13.080000;8 
14.080000;6 
15.090000;7 
16.100000;7 
17.110000;5 
18.120000;3 
19.130000;4 
20.130000;1 
21.140000;2 
22.150000;2 
23.160000;1 
24.170000;0 
25.170000;1 
26.180000;1 
27.190000;0 
28.200000;1 
29.210000;0 
30.220000;0 
31.230000;0 
32.230000;0 
33.240000;0 
34.250000;0 
35.260000;1 
36.270000;1 
37.280000;0 
38.280000;0 
39.290000;0 
40.300000;0 
41.310000;0 
42.320000;0 
43.330000;2 
44.330000;24 
45.340000;95 
46.350000;112 
47.360000;91 
48.370000;46 
49.380000;32 
50.380000;28 
51.390000;16 
52.400000;13 
53.410000;8 
54.420000;6 
55.430000;7 
56.430000;7 
57.440000;5 
58.450000;3 
59.460000;4 
60.470000;1 
61.470000;2 
62.480000;2 
63.490000;1 
64.500000;0 
65.510000;1 
66.520000;1 
67.530000;0 
68.530000;1 
69.540000;0 
70.550000;0 
71.560000;0 
72.570000;0 
73.570000;0 
74.580000;0 
75.590000;1 
76.600000;1 
77.610000;0 
78.620000;0 
79.630000;0 
80.630000;0 
81.640000;0 
82.650000;0 
83.660000;2 
84.670000;24 
85.680000;95 
86.680000;112 
87.690000;91 
88.700000;47 
89.710000;32 
90.720000;28 
91.730000;15 
92.730000;13 
93.740000;8 
94.750000;6 
95.760000;7 
96.770000;6 
97.780000;5 
98.780000;3 
99.790000;4 
100.800000;2 
101.810000;2 
102.820000;2 
103.820000;1 
104.830000;0 
105.840000;1 
106.850000;0 
107.860000;0 
108.870000;1 
109.880000;0 
110.880000;0 
111.890000;1 
112.900000;0 
113.910000;1 
114.920000;0 
115.930000;1 
116.930000;1 
117.940000;0 
118.950000;0 
119.960000;0 
120.970000;0 
121.980000;0 
122.980000;0 
123.990000;2 
